34,1
34,3
3,2
3,1
3,3
<<<<<<< HEAD
10,285
10,287
10,163
10,259
10,227
10,229
10,203
11,15
11,5
9,5
8,17
8,15
8,6
8,18
8,8
=======
10,65
10,113
10,121
10,197
10,179
10,215
10,285
10,205
11,5
11,9
11,7
8,15
8,11
8,12
8,17
8,2
8,3
>>>>>>> 17508c9fe65b398ce7dc52bebe227b139dee19ea
41,2
8,2
41,0
34,2
8,3
34,0
33,5
33,4
33,3
33,2
33,1
33,0
32,4
32,3
32,2
32,1
32,0
31,3
31,2
31,1
31,0
29,4
29,3
29,2
29,1
28,3
28,1
20,3
20,2
20,1
19,2
19,1
<<<<<<< HEAD
19,3
=======
18,3
18,1
14,3
14,1
13,3
13,1
>>>>>>> 17508c9fe65b398ce7dc52bebe227b139dee19ea
12,3
12,2
12,1
11,29
11,28
<<<<<<< HEAD
11,27
11,26
11,25
11,24
11,20
=======
11,26
11,25
11,24
11,22
11,21
>>>>>>> 17508c9fe65b398ce7dc52bebe227b139dee19ea
11,19
11,18
11,17
11,16
11,13
<<<<<<< HEAD
11,11
11,10
11,9
11,8
11,6
11,4
11,3
11,2
11,1
10,306
10,286
10,281
10,264
10,254
18,1
10,253
18,3
=======
11,12
11,11
11,10
11,8
11,4
>>>>>>> 17508c9fe65b398ce7dc52bebe227b139dee19ea
